==========================================
=== Test: madvise ===
==========================================
[sudo] password for phlab: 
Current THP setting: always [madvise] never

[1] 5854
PID: 5854

t(s)     RSS(kB)    Anon(kB)    AnonHuge   Huge%
-----------------------------------------------------------
   1        4016         828           0    0.0%
   2      726496      723628           0    0.0%
   3     1532288     1529240           0    0.0%
   4     2298320     2295472           0    0.0%
   5     3180184     3176668           0    0.0%
   6     4038040     4034532           0    0.0%
   7     4766012     4763632           0    0.0%
   8     4841240     4838872           0    0.0%
   9     4916144     4913740           0    0.0%
  10     4980744     4978340           0    0.0%
  11     5072148     5069728           0    0.0%
  12     5165896     5163464           0    0.0%
  13     5179072     5176692           0    0.0%
  14     5224068     5221728           0    0.0%
  15     5274864     5272488           0    0.0%
  16     5348480     5346104           0    0.0%
  17     5396992     5394628           0    0.0%
  18     5468504     5466088           0    0.0%
  19     5545076     5542700           0    0.0%
  20     5599708     5597352           0    0.0%
  21     5661780     5659388           0    0.0%
  22     5740756     5738364           0    0.0%
  23     5813560     5811172           0    0.0%
  24     5861940     5859580           0    0.0%
  25     5908168     5905820           0    0.0%
  26     5975804     5973420           0    0.0%
  27     6028672     6026300           0    0.0%
  28     6091760     6089364           0    0.0%
  29     6164956     6162556           0    0.0%
  30     6231224     6228872           0    0.0%
  31     6283548     6281160           0    0.0%
  32     6360476     6358056           0    0.0%
  33     6436140     6433740           0    0.0%
  34     6497612     6495236           0    0.0%
  35     6543440     6541060           0    0.0%
  36     6596504     6594096           0    0.0%
  37     6665636     6663264           0    0.0%
  38     6716888     6714480           0    0.0%
  39     6789876     6787464           0    0.0%
  40     6858856     6856104           0    0.0%
  41     6861396     6858744           0    0.0%
  42     6867152     6864268           0    0.0%
  43     6874568     6871716           0    0.0%
  44     6326028     6323376           0    0.0%
  45     6512328     6503640           0    0.0%
  46     6722800     6719944           0    0.0%
  47     6728340     6725752           0    0.0%
  48     6731580     6728708           0    0.0%
  49     6739320     6736468           0    0.0%
  50     6745048     6742408           0    0.0%
  51     6747708     6744864           0    0.0%
  52     6756204     6753420           0    0.0%
  53     6763492     6760648           0    0.0%
  54     6765216     6762580           0    0.0%
  55     6767556     6764924           0    0.0%
  56     6774724     6772092           0    0.0%
  57     6776780     6774124           0    0.0%
  58     6783692     6780964           0    0.0%
  59     6791336     6788664           0    0.0%
  60     6793540     6790892           0    0.0%
  61     6800480     6797588           0    0.0%
  62     6808188     6805328           0    0.0%
  63     6811836     6809220           0    0.0%
  64     6813712     6811060           0    0.0%
  65     6819464     6816620           0    0.0%
  66     6822948     6820316           0    0.0%
  67     6828404     6825548           0    0.0%
  68     6836152     6833312           0    0.0%
  69     6839692     6837068           0    0.0%
  70     6844552     6841684           0    0.0%
  71     6852492     6849692           0    0.0%
  72     6893748     6891028           0    0.0%
  73     6939252     6936560           0    0.0%
  74     6945680     6943044           0    0.0%
  75     6952728     6949972           0    0.0%
  76     6954592     6951944           0    0.0%
  77     6960000     6957256           0    0.0%
  78     6413952     6411176           0    0.0%
  79     6632780     6623924           0    0.0%
  80     6812044     6809192           0    0.0%
  81     6819876     6817048           0    0.0%
  82     6826212     6823524           0    0.0%
  83     6827824     6825180           0    0.0%
  84     6830056     6827232           0    0.0%
  85     6837068     6834472           0    0.0%
  86     6839008     6836332           0    0.0%
  87     6845956     6843120           0    0.0%
  88     6853328     6850668           0    0.0%
  89     6855448     6852800           0    0.0%
  90     6861572     6858724           0    0.0%
  91     6869020     6866216           0    0.0%
  92     6873632     6871016           0    0.0%
  93     6875088     6872432           0    0.0%
  94     6878736     6875852           0    0.0%
  95     6884276     6881684           0    0.0%
  96     6886688     6883876           0    0.0%
  97     6894104     6891272           0    0.0%
  98     6900496     6897848           0    0.0%
  99     6902532     6899888           0    0.0%
 100     6909368     6906484           0    0.0%
 101     6916584     6913720           0    0.0%
 102     6920540     6917908           0    0.0%
 103     6922112     6919432           0    0.0%
 104     6926096     6923264           0    0.0%
 105     6931100     6928504           0    0.0%
 106     6933856     6931008           0    0.0%
 107     6941264     6938392           0    0.0%
 108     6947272     6944608           0    0.0%
 109     6949304     6946640           0    0.0%
 110     6953556     6950696           0    0.0%
 111     6960320     6957512           0    0.0%
 112     6966628     6963812           0    0.0%
 113     6414640     6412016           0    0.0%
 114     6601072     6592424           0    0.0%
 115     6811920     6809080           0    0.0%
 116     6815876     6813212           0    0.0%
 117     6819184     6816408           0    0.0%
 118     6826280     6823576           0    0.0%
 119     6832036     6829392           0    0.0%
 120     6834012     6831360           0    0.0%

Wall time: 236.10s

==========================================
=== Test: always ===
==========================================
Current THP setting: [always] madvise never

[1] 7645
PID: 7645

t(s)     RSS(kB)    Anon(kB)    AnonHuge   Huge%
-----------------------------------------------------------
   1        6456        3296        2048   62.1%
   2      738508      735632       71680    9.7%
   3     1536260     1533352      194560   12.7%
   4     2343728     2340876      333824   14.3%
   5     3238292     3234580      499712   15.4%
   6     4017000     4013252      628736   15.7%
   7     4766008     4763496      782336   16.4%
   8     4830224     4827724      784384   16.2%
   9     4967616     4965080      792576   16.0%
  10     4948012     4945552      792576   16.0%
  11     5002528     5000024      798720   16.0%
  12     5074380     5071876      804864   15.9%
  13     5143536     5141032      813056   15.8%
  14     5195080     5192616      815104   15.7%
  15     5234004     5231540      815104   15.6%
  16     5276580     5274088      817152   15.5%
  17     5347660     5345176      825344   15.4%
  18     5388692     5386224      825344   15.3%
  19     5449196     5446672      831488   15.3%
  20     5512612     5510108      835584   15.2%
  21     5578576     5576092      843776   15.1%
  22     5623188     5620696      843776   15.0%
  23     5684744     5682236      847872   14.9%
  24     5757176     5754668      856064   14.9%
  25     5821120     5818628      860160   14.8%
  26     5867940     5865464      864256   14.7%
  27     5907732     5905252      864256   14.6%
  28     5960404     5957872      868352   14.6%
  29     6020016     6017532      872448   14.5%
  30     6064168     6061668      874496   14.4%
  31     6126144     6123624      878592   14.3%
  32     6196224     6193724      886784   14.3%
  33     6249788     6247284      888832   14.2%
  34     6299560     6297056      892928   14.2%
  35     6369360     6366844      899072   14.1%
  36     6437720     6435228      905216   14.1%
  37     6495624     6493124      907264   14.0%
  38     6537004     6534520      909312   13.9%
  39     6576188     6573708      911360   13.9%
  40     6641436     6638920      919552   13.9%
  41     6690072     6687584      921600   13.8%
  42     6743840     6741328      927744   13.8%
  43     6805080     6802540      929792   13.7%
  44     6876556     6873744      944128   13.7%
  45     6878104     6875328      944128   13.7%
  46     6883876     6881108      948224   13.8%
  47     6890280     6887564      954368   13.9%
  48     6900520     6897804      964608   14.0%
  49     6461636     6450728      452608    7.0%
  50     6648296     6639436      561152    8.5%
  51     6746668     6743952      671744   10.0%
  52     6752812     6750096      677888   10.0%
  53     6754860     6752144      679936   10.1%
  54     6763052     6760336      688128   10.2%
  55     6767148     6764432      692224   10.2%
  56     6773292     6770576      698368   10.3%
  57     6777388     6774672      702464   10.4%
  58     6783532     6780816      708608   10.5%
  59     6787628     6784912      712704   10.5%
  60     6787628     6784912      712704   10.5%
  61     6793772     6791056      718848   10.6%
  62     6797868     6795152      722944   10.6%
  63     6799916     6797200      724992   10.7%
  64     6808108     6803344      731136   10.7%
  65     6814252     6811536      739328   10.9%
  66     6814380     6811628      755712   11.1%
  67     6818388     6815488      757760   11.1%
  68     6824272     6821324      757760   11.1%
  69     6830304     6827548      757760   11.1%
  70     6831816     6829048      757760   11.1%
  71     6833728     6830952      757760   11.1%
  72     6840296     6837312      757760   11.1%
  73     6842532     6839728      757760   11.1%
  74     6847772     6844860      759808   11.1%
  75     6855296     6852344      780288   11.4%
  76     6858696     6855876      780288   11.4%
  77     6861276     6858256      780288   11.4%
  78     6869148     6866120      780288   11.4%
  79     6887848     6884764      784384   11.4%
  80     6948948     6946056      784384   11.3%
  81     6962736     6959928      786432   11.3%
  82     6965844     6962948      782336   11.2%
  83     6973148     6970432      788480   11.3%
  84     6977244     6974528      808960   11.6%
  85     6979292     6976576      811008   11.6%
  86     6433904     6431188      391168    6.1%
  87     6616180     6605272      473088    7.2%
  88     6828772     6826056      497664    7.3%
  89     6833296     6830328      497664    7.3%
  90     6839792     6836844      497664    7.3%
  91     6843904     6841152      497664    7.3%
  92     6845232     6842448      497664    7.3%
  93     6848052     6845072      514048    7.5%
  94     6854256     6851432      514048    7.5%
  95     6855956     6853152      514048    7.5%
  96     6862268     6859244      514048    7.5%
  97     6869372     6866432      514048    7.5%
  98     6872000     6869228      514048    7.5%
  99     6875920     6872868      514048    7.5%
 100     6883216     6880240      514048    7.5%
 101     6889804     6886952      514048    7.5%
 102     6891288     6888532      530432    7.7%
 103     6893076     6890280      530432    7.7%
 104     6898672     6895684      530432    7.7%
 105     6901864     6899072      530432    7.7%
 106     6905748     6902732      530432    7.7%
 107     6912592     6909580      530432    7.7%
 108     6917868     6915084      530432    7.7%
 109     6919796     6917008      530432    7.7%
 110     6926796     6923760      530432    7.7%
 111     6933548     6930576      546816    7.9%
 112     6937536     6934780      546816    7.9%
 113     6938884     6936112      546816    7.9%
 114     6941800     6938768      546816    7.9%
 115     6947896     6945088      546816    7.9%
 116     6949640     6946812      546816    7.9%
 117     6956072     6953072      546816    7.9%
 118     6961744     6958736      546816    7.9%
 119     6965172     6962340      546816    7.9%
 120     6967016     6964140      563200    8.1%

Wall time: 251.58s

==========================================
Restored to: always [madvise] never
==========================================
